17 0 0 0 0 5 0 3 0 0 0 20 5 0 0 0 18 0 20 0 0 0 0 2 
0
0 0 
0 0 
17 0 0 0 0 5 0 3 0 0 0 20 5 0 0 0 18 0 20 0 0 1 0 1 
0
0 0 
0 0 
17 0 0 0 0 5 0 3 0 0 0 20 5 0 0 0 18 0 20 0 1 0 0 1 
0
0 0 
0 0 
16 0 0 0 0 5 16 3 0 0 0 20 5 0 0 0 18 0 20 0 1 0 0 1 
1
0 0 
0 0 
16 0 0 0 0 5 16 3 0 0 0 20 5 0 0 0 17 16 20 0 1 0 0 1 
1
0 0 
0 0 
16 0 0 0 0 5 16 3 0 0 0 20 5 0 0 1 17 16 20 0 0 0 0 1 
0
0 0 
0 0 
16 0 0 0 0 5 16 3 0 0 0 20 5 0 0 1 17 16 20 1 0 0 0 0 
0
0 0 
0 0 
16 0 0 0 0 5 16 3 0 0 0 20 5 0 0 1 17 0 21 1 0 0 0 0 
1
0 0 
0 0 
16 0 0 0 0 5 16 3 0 0 0 20 5 0 0 1 16 16 21 1 0 0 0 0 
1
0 0 
0 0 
16 0 0 0 0 5 16 3 0 0 0 20 5 0 0 1 16 0 22 1 0 0 0 0 
1
0 0 
0 0 
16 0 0 0 0 5 16 3 0 0 0 20 5 0 0 1 0 16 22 1 0 0 0 0 
1
0 0 
0 0 
16 0 0 0 0 5 16 3 0 0 0 20 6 0 0 0 0 16 22 1 0 0 0 0 
0
0 0 
0 0 
16 0 0 0 0 5 16 3 0 0 0 20 6 0 0 1 0 16 22 0 0 0 0 0 
0
0 0 
0 0 
16 0 0 0 0 5 16 3 0 0 0 19 6 0 0 1 16 16 22 0 0 0 0 0 
1
0 0 
0 0 
16 0 0 0 0 5 16 3 0 0 0 19 6 0 0 1 0 16 22 0 16 0 0 0 
1
0 0 
0 0 
16 0 0 0 0 5 16 3 0 0 0 19 7 0 0 0 0 16 22 0 16 0 0 0 
0
0 0 
0 0 
16 0 0 0 0 5 16 3 1 0 0 19 6 0 0 0 0 16 22 0 16 0 0 0 
0
0 0 
0 0 
0 0 0 0 16 5 16 3 1 0 0 19 6 0 0 0 0 16 22 0 16 0 0 0 
1
0 0 
0 0 
0 0 0 0 16 5 0 3 1 0 16 19 6 0 0 0 0 16 22 0 16 0 0 0 
1
0 0 
0 0 
0 0 0 0 16 5 0 3 1 0 0 19 6 0 16 0 0 16 22 0 16 0 0 0 
1
0 0 
0 0 
0 0 0 0 16 5 0 3 1 0 0 18 6 0 16 16 0 16 22 0 16 0 0 0 
1
0 0 
0 0 
0 0 0 0 16 5 0 4 1 0 0 18 5 0 16 16 0 16 22 0 16 0 0 0 
0
0 0 
0 0 
0 0 0 0 16 5 0 5 1 0 0 18 4 0 16 16 0 16 22 0 16 0 0 0 
0
0 0 
0 0 
0 0 0 1 16 5 0 5 0 0 0 18 4 0 16 16 0 16 22 0 16 0 0 0 
0
0 0 
0 0 
0 0 0 1 16 5 0 6 0 0 0 18 3 0 16 16 0 16 22 0 16 0 0 0 
0
0 0 
0 0 
0 0 0 1 16 5 0 6 0 0 0 17 3 0 17 16 0 16 22 0 16 0 0 0 
1
0 0 
0 0 
0 0 0 1 16 5 0 6 0 0 0 16 3 0 18 16 0 16 22 0 16 0 0 0 
1
0 0 
0 0 
0 0 0 1 16 5 0 6 0 0 0 0 3 0 19 16 0 16 22 0 16 0 0 0 
1
0 0 
0 0 
0 0 0 1 16 5 0 6 0 0 0 0 3 0 19 0 0 16 23 0 16 0 0 0 
1
0 0 
0 0 
0 0 0 1 16 5 0 6 0 0 1 0 2 0 19 0 0 16 23 0 16 0 0 0 
0
0 0 
0 0 
0 0 0 1 16 5 1 6 0 0 1 0 1 0 19 0 0 16 23 0 16 0 0 0 
0
0 0 
0 0 
0 0 0 1 16 5 1 6 0 0 1 0 1 0 18 0 0 16 24 0 16 0 0 0 
1
0 0 
0 0 
0 0 0 1 16 5 1 6 0 0 1 0 1 0 17 0 0 16 24 16 16 0 0 0 
1
0 0 
0 0 
0 0 0 1 16 6 0 6 0 0 1 0 1 0 17 0 0 16 24 16 16 0 0 0 
0
0 0 
0 0 
0 0 0 1 16 6 0 6 1 0 0 0 1 0 17 0 0 16 24 16 16 0 0 0 
0
0 0 
0 0 
0 0 0 1 16 6 0 6 1 0 0 0 1 0 16 0 16 16 24 16 16 0 0 0 
1
0 0 
0 0 
0 0 0 1 16 6 0 6 1 0 0 0 1 0 16 0 16 0 24 17 16 0 0 0 
1
0 0 
0 0 
0 0 0 1 16 6 0 6 1 0 0 0 1 0 16 0 0 0 25 17 16 0 0 0 
1
0 0 
0 0 
0 0 0 1 16 6 0 6 1 0 0 0 1 0 0 0 16 0 25 17 16 0 0 0 
1
0 0 
0 0 
0 0 0 1 16 6 0 6 2 0 0 0 0 0 0 0 16 0 25 17 16 0 0 0 
0
0 0 
0 0 
0 0 0 1 16 6 1 6 1 0 0 0 0 0 0 0 16 0 25 17 16 0 0 0 
0
0 0 
0 0 
0 0 0 1 0 6 1 6 1 0 16 0 0 0 0 0 16 0 25 17 16 0 0 0 
1
0 0 
0 0 
0 0 0 1 0 6 1 6 1 0 0 16 0 0 0 0 16 0 25 17 16 0 0 0 
1
0 0 
0 0 
0 0 0 2 0 6 1 6 0 0 0 16 0 0 0 0 16 0 25 17 16 0 0 0 
0
0 0 
0 0 
0 0 0 2 1 6 1 5 0 0 0 16 0 0 0 0 16 0 25 17 16 0 0 0 
0
0 0 
0 0 
0 0 0 2 1 6 1 5 0 0 0 0 0 0 0 0 17 0 25 17 16 0 0 0 
1
0 0 
0 0 
0 0 0 2 1 6 1 5 0 0 0 0 0 0 0 0 16 0 25 17 16 16 0 0 
1
0 0 
0 0 
0 0 0 2 1 6 1 5 0 0 0 0 0 0 0 0 0 0 25 17 16 17 0 0 
1
0 0 
0 0 
0 0 0 2 1 6 1 5 0 0 0 0 0 0 0 0 0 0 25 16 16 17 0 0 
1
0 0 
0 1 
0 0 1 2 1 6 1 4 0 0 0 0 0 0 0 0 0 0 25 16 16 17 0 0 
0
0 0 
0 1 
0 1 1 2 1 6 1 3 0 0 0 0 0 0 0 0 0 0 25 16 16 17 0 0 
0
0 0 
0 1 
0 1 1 2 1 6 1 3 0 0 0 0 0 0 0 0 0 0 25 16 16 16 0 0 
1
0 0 
0 2 
0 1 1 2 1 6 1 3 0 0 0 0 0 0 0 0 0 0 24 16 16 16 0 0 
1
0 0 
0 3 
0 1 1 2 2 6 1 2 0 0 0 0 0 0 0 0 0 0 24 16 16 16 0 0 
0
0 0 
0 3 
0 1 2 2 2 6 1 1 0 0 0 0 0 0 0 0 0 0 24 16 16 16 0 0 
0
0 0 
0 3 
0 1 2 2 2 6 1 1 0 0 0 0 0 0 0 0 0 0 24 16 16 0 0 0 
1
0 0 
0 4 
0 1 2 2 2 6 1 1 0 0 0 0 0 0 0 0 0 0 23 16 16 16 0 0 
1
0 0 
0 4 
0 1 2 2 2 6 1 1 0 0 0 0 0 0 0 0 0 0 23 16 16 0 0 0 
1
0 0 
0 5 
0 1 2 2 2 6 1 1 0 0 0 0 0 0 0 0 0 0 22 16 16 16 0 0 
1
0 0 
0 5 
0 1 3 2 2 6 1 0 0 0 0 0 0 0 0 0 0 0 22 16 16 16 0 0 
0
0 0 
0 5 
1 1 3 2 2 6 0 0 0 0 0 0 0 0 0 0 0 0 22 16 16 16 0 0 
0
0 0 
0 5 
1 1 3 2 2 6 0 0 0 0 0 0 0 0 0 0 0 0 21 16 16 16 0 0 
1
0 0 
0 6 
1 1 3 2 2 6 0 0 0 0 0 0 0 0 0 0 0 0 20 16 16 16 0 0 
1
0 0 
0 7 
1 1 3 2 2 6 0 0 0 0 0 0 0 0 0 0 0 0 19 16 16 16 0 0 
1
0 0 
0 8 
1 1 3 2 2 6 0 0 0 0 0 0 0 0 0 0 0 0 18 16 16 16 0 0 
1
0 0 
0 9 
0 1 3 2 2 6 0 0 0 0 0 0 0 0 0 0 0 0 18 16 16 16 0 0 
0
0 0 
1 9 
1 0 3 2 2 6 0 0 0 0 0 0 0 0 0 0 0 0 18 16 16 16 0 0 
0
0 0 
1 9 
0 0 3 2 2 6 0 0 0 0 0 0 0 0 0 0 0 0 18 16 16 16 0 0 
0
0 0 
2 9 
0 1 2 2 2 6 0 0 0 0 0 0 0 0 0 0 0 0 18 16 16 16 0 0 
0
0 0 
2 9 
0 1 2 2 2 6 0 0 0 0 0 0 0 0 0 0 0 0 18 0 16 16 0 0 
1
0 0 
2 10 
0 1 2 2 2 6 0 0 0 0 0 0 0 0 0 0 0 0 17 0 17 16 0 0 
1
0 0 
2 10 
0 0 2 2 2 6 0 0 0 0 0 0 0 0 0 0 0 0 17 0 17 16 0 0 
0
0 0 
3 10 
0 0 2 2 2 5 0 0 0 0 0 0 0 0 0 0 0 0 17 0 17 16 0 0 
0
0 0 
4 10 
0 0 2 2 2 5 0 0 0 0 0 0 0 0 0 0 0 0 17 0 16 16 0 0 
1
0 0 
4 11 
0 0 2 2 2 5 0 0 0 0 0 0 0 0 0 0 0 0 17 0 0 16 0 0 
1
0 0 
4 12 
0 0 2 2 2 5 0 0 0 0 0 0 0 0 0 0 0 0 16 0 0 16 16 0 
1
0 0 
4 12 
0 0 2 2 2 5 0 0 0 0 0 0 0 0 0 0 0 0 0 0 0 16 17 0 
1
0 0 
4 12 
0 0 1 2 2 5 0 0 0 0 0 0 0 0 0 0 0 0 0 0 0 16 17 0 
0
0 0 
5 12 
0 0 1 2 2 4 0 0 0 0 0 0 0 0 0 0 0 0 0 0 0 16 17 0 
0
0 0 
6 12 
0 0 1 2 2 4 0 0 0 0 0 0 0 0 0 0 0 0 0 0 0 0 17 0 
1
0 0 
6 13 
0 0 1 2 2 4 0 0 0 0 0 0 0 0 0 0 0 0 0 0 0 0 16 0 
1
0 0 
6 14 
0 0 1 2 2 4 0 0 0 0 0 0 0 0 0 0 0 0 0 0 0 0 0 0 
1
0 0 
6 15 
